tensor_name:  Variable_2
0.00667608
tensor_name:  Variable_3
5355
tensor_name:  rnn/multi_rnn_cell/cell_1/basic_lstm_cell/weights/Adam
[[  1.67507023e-04   2.11117978e-04  -2.67767248e-17 ...,  -1.14215982e-06
   -2.31577851e-05  -3.53073847e-06]
 [  5.89732590e-05   1.62703254e-05  -9.82534810e-18 ...,  -5.70031432e-07
    2.86443810e-05  -5.73999459e-05]
 [ -1.45744823e-04   1.07662694e-04  -1.79412854e-16 ...,   1.43476811e-07
   -1.12662980e-04   2.26877023e-06]
 ...,
 [ -3.77552283e-08  -3.89990504e-07  -4.45168753e-19 ...,  -5.04494890e-09
    6.53287060e-08  -1.31651878e-09]
 [  2.16103490e-06   1.77814782e-05   3.56299181e-17 ...,   3.43689322e-07
   -6.40276994e-05   7.62869331e-06]
 [ -5.21181755e-05  -5.75077283e-05   1.08875855e-20 ...,  -6.53210108e-08
   -3.33148773e-06  -8.21846788e-06]]
tensor_name:  Variable_1
[]
tensor_name:  rnn/multi_rnn_cell/cell_0/basic_lstm_cell/weights/Adam
[[  7.85017073e-06   2.00632479e-04   2.94669098e-05 ...,   9.08795599e-08
   -2.76583945e-04  -1.36921835e-06]
 [ -5.34153060e-06   1.17308839e-04  -5.92670449e-06 ...,   1.22892445e-07
   -8.98665603e-05  -7.61260367e-07]
 [ -2.49013647e-06   2.39226792e-04   1.40228522e-05 ...,  -3.17608233e-08
   -3.39314502e-05  -3.13782994e-06]
 ...,
 [  5.39511973e-07   2.53666603e-05   2.03364762e-05 ...,   4.12856238e-08
    2.14840857e-05   4.19655732e-09]
 [ -6.69321992e-07   3.67822795e-05  -1.45446729e-05 ...,   3.40041915e-08
   -3.28060696e-06  -1.36014249e-08]
 [ -5.56248369e-06   1.00144689e-06   8.19159050e-06 ...,  -1.23388100e-08
   -2.56643707e-05  -4.05510541e-08]]
tensor_name:  rnn/multi_rnn_cell/cell_2/basic_lstm_cell/biases/Adam
[  9.41945018e-07   1.52163193e-05   1.90171465e-06 ...,  -6.35122569e-06
  -8.18426604e-04   1.60824682e-04]
tensor_name:  rnn/multi_rnn_cell/cell_1/basic_lstm_cell/weights/Adam_1
[[  3.69312332e-08   2.80744157e-08   4.16888257e-09 ...,   5.48350592e-08
    7.18890078e-07   4.61365062e-08]
 [  3.35444383e-08   1.81210904e-08   8.50074411e-09 ...,   1.06517870e-08
    9.51813774e-07   1.51149365e-07]
 [  2.41516833e-08   2.08578026e-08   1.84110203e-08 ...,   7.80276821e-09
    3.54389499e-07   8.69647891e-08]
 ...,
 [  2.91892754e-09   3.70806802e-10   4.50868870e-10 ...,   1.27910766e-08
    1.62282863e-08   2.34918751e-09]
 [  1.49542974e-08   4.59438620e-09   4.01893807e-09 ...,   2.88589916e-08
    5.07739855e-07   2.10669473e-08]
 [  1.73240178e-09   1.60775693e-09   3.18108151e-10 ...,   2.85186696e-09
    2.65963092e-08   1.20321078e-08]]
tensor_name:  Variable_1/Adam_1
[]
tensor_name:  rnn/multi_rnn_cell/cell_2/basic_lstm_cell/biases/Adam_1
[  3.55418365e-07   2.95301476e-07   1.15482965e-06 ...,   2.19955177e-06
   1.02027607e-05   2.32288130e-06]
tensor_name:  b_softmax
46.575
tensor_name:  rnn/multi_rnn_cell/cell_0/basic_lstm_cell/weights/Adam_1
[[  7.90683785e-08   3.51492361e-07   9.29724422e-08 ...,   2.00717185e-08
    3.40680970e-07   5.90854441e-08]
 [  4.34103846e-08   3.14582508e-07   6.47306422e-08 ...,   1.11569882e-08
    2.47393245e-07   2.58163233e-08]
 [  6.74221141e-08   2.30525927e-07   5.77956882e-08 ...,   1.18027934e-08
    2.73531583e-07   1.61902474e-08]
 ...,
 [  1.41865293e-08   4.27938467e-08   2.52307970e-08 ...,   3.97871025e-09
    3.61827439e-08   3.36293149e-09]
 [  1.50595412e-08   5.33933537e-08   1.48831409e-08 ...,   2.81396662e-09
    6.09333384e-08   3.13692849e-09]
 [  1.40435983e-08   4.07680432e-08   1.48934083e-08 ...,   4.50673010e-09
    3.65665613e-08   6.78224854e-09]]
tensor_name:  rnn/multi_rnn_cell/cell_0/basic_lstm_cell/biases
[-0.4059931   0.88667959 -0.16951314 ..., -0.3068355   0.0162673
  0.13231859]
tensor_name:  W/Adam_1
[[  8.02680873e-08   1.19113167e-07   7.29134229e-08 ...,   9.78580061e-08
    7.58798393e-08   8.82449314e-08]
 [  9.50130072e-08   3.43119439e-07   1.47167924e-07 ...,   2.65086470e-07
    2.01274730e-07   2.04492878e-07]
 [  1.56280862e-07   2.11478650e-07   1.95389177e-07 ...,   1.59335428e-07
    1.42256440e-07   1.55405374e-07]
 ...,
 [  1.43477109e-07   1.59054778e-07   1.17597011e-07 ...,   1.69098016e-07
    1.78983868e-07   1.59809460e-07]
 [  9.67725526e-08   1.53379617e-07   9.69087282e-08 ...,   1.49713529e-07
    1.58461830e-07   8.80481323e-08]
 [  4.95274378e-07   7.76367926e-07   4.74857984e-07 ...,   5.73590683e-07
    5.12978147e-07   5.26370854e-07]]
tensor_name:  rnn/multi_rnn_cell/cell_0/basic_lstm_cell/biases/Adam
[  7.93728304e-06   1.02723090e-04   1.27586318e-05 ...,   3.33039085e-09
   3.26643858e-05  -3.56574287e-06]
tensor_name:  beta2_power
0.00470745
tensor_name:  rnn/multi_rnn_cell/cell_0/basic_lstm_cell/weights
[[-0.20436439  0.25860006 -0.52817822 ..., -0.06561761 -0.26710692
   0.4173643 ]
 [-0.05235689  0.44839421  0.091787   ..., -0.16084662 -0.19059175
  -0.40890577]
 [-0.37521499 -0.19300149  0.31162077 ...,  0.57461572  0.45867726
  -0.28892821]
 ...,
 [-0.5203957   0.32293701 -0.57271314 ..., -0.33853614 -1.16385698
  -0.10266679]
 [ 0.30686799 -0.97397143 -1.10275495 ...,  0.08150748 -0.30292085
   0.26800624]
 [ 0.26606041 -0.02901566  0.19692878 ...,  0.29436076  0.21337053
  -0.10784295]]
tensor_name:  rnn/multi_rnn_cell/cell_1/basic_lstm_cell/biases/Adam_1
[  1.49483171e-07   9.17868945e-08   5.30872732e-08 ...,   2.26018457e-07
   2.89115837e-06   5.76595255e-07]
tensor_name:  W/Adam
[[  1.85233257e-05  -2.22178496e-05  -1.41371647e-05 ...,   6.68280836e-06
    3.30465332e-06  -3.22252599e-05]
 [ -2.15930384e-04  -9.51457187e-04  -9.89054315e-05 ...,   3.81322025e-04
   -5.33579499e-04  -6.32491283e-05]
 [  8.69062569e-06  -9.26303182e-05  -3.04287169e-05 ...,  -1.03993560e-04
    2.33177834e-05   4.55230338e-06]
 ...,
 [  1.57626026e-04  -3.51306335e-05   1.88726663e-05 ...,   2.29786542e-06
    8.14014857e-05   9.42784027e-05]
 [  9.31229879e-05   5.42946327e-05  -5.03814008e-05 ...,  -2.58922839e-04
   -2.28613335e-05  -4.32655797e-05]
 [  2.26170931e-04   2.85352435e-04  -1.76101632e-04 ...,  -1.28500324e-05
    4.69321749e-05  -9.22645995e-06]]
tensor_name:  W_softmax/Adam_1
[[  1.90058429e-12   3.44673734e-09   2.96034502e-10 ...,   6.37466883e-07
    2.39670683e-09   6.27378327e-08]
 [  1.76220691e-10   4.15477697e-09   1.83828881e-08 ...,   7.48708473e-09
    1.86966420e-09   5.10666069e-08]
 [  6.52523088e-12   3.00425490e-10   6.92347069e-10 ...,   3.22382512e-08
    3.14482795e-09   6.46113989e-08]
 ...,
 [  7.01249503e-10   7.81283982e-10   9.47815937e-10 ...,   9.24080368e-09
    4.17412593e-09   3.30485051e-07]
 [  3.86946274e-11   4.28427249e-09   6.58804877e-09 ...,   1.92154417e-08
    2.97030418e-08   1.11648490e-06]
 [  1.06953378e-11   1.12028840e-06   1.63651159e-09 ...,   4.25488111e-07
    9.16509464e-08   2.72516672e-07]]
tensor_name:  beta1_power
5.60519e-45
tensor_name:  rnn/multi_rnn_cell/cell_2/basic_lstm_cell/biases
[-0.20399375 -0.12903202 -0.15583256 ..., -0.32505804 -0.11846116
 -0.32212234]
tensor_name:  rnn/multi_rnn_cell/cell_0/basic_lstm_cell/biases/Adam_1
[  6.41044409e-08   2.39947354e-07   8.31296134e-08 ...,   1.60749387e-08
   2.40009797e-07   4.23521875e-08]
tensor_name:  rnn/multi_rnn_cell/cell_2/basic_lstm_cell/weights
[[ 0.14093138 -0.06313179 -0.01602199 ...,  0.09077351  0.10621893
   0.02090785]
 [-0.06465469  0.08141294  0.10760504 ...,  0.03174141  0.1528649
   0.01648948]
 [-0.10360444 -0.05435248 -0.04846537 ..., -0.2191273  -0.17199317
   0.09707823]
 ...,
 [-0.11410277 -0.03478909 -0.0287868  ...,  0.0794287  -0.00968833
  -0.06402179]
 [ 0.05692278  0.03124217  0.02292919 ...,  0.00863862  0.03611892
   0.11699659]
 [-0.113873   -0.04713227  0.06529424 ...,  0.15092711 -0.0600775
   0.1730146 ]]
tensor_name:  W_softmax
[[ 1.69931138 -0.8101033  -1.4523257  ..., -1.06904173 -0.19592683
  -1.02916908]
 [-1.23054135  0.74938613 -1.51152158 ..., -0.69019145 -1.27629137
   0.74094605]
 [ 0.30132356 -0.82995731 -0.49563003 ...,  0.8708455   0.32982066
   1.6405108 ]
 ...,
 [-0.94959718  0.7850399   0.36352345 ...,  0.35212013 -0.34902951
   0.04798303]
 [ 1.35553348  0.29590824  1.1358844  ..., -1.10958135 -0.47826612
  -2.95019674]
 [ 0.80681938 -0.18878078  1.26388192 ...,  0.37530836  0.72271377
  -0.89611143]]
tensor_name:  rnn/multi_rnn_cell/cell_1/basic_lstm_cell/biases/Adam
[  2.81874178e-04   8.11394420e-05   2.46856185e-16 ...,   1.26242012e-05
   1.41458106e-04   3.59173609e-05]
tensor_name:  rnn/multi_rnn_cell/cell_1/basic_lstm_cell/weights
[[ 0.02711148  0.45260462  0.37189499 ..., -0.09504893  0.1280428
   0.36269343]
 [ 0.21248928  0.38856721 -0.58089352 ..., -0.0102325  -0.82323211
   0.27612817]
 [ 0.758053    0.62470275  0.88374156 ...,  0.00891066  0.14509937
  -0.12508282]
 ...,
 [-0.09314235  0.03203277  0.01600938 ...,  0.1235147   0.10526426
  -0.0240323 ]
 [ 0.08962955  0.18802699 -0.36644664 ...,  0.05508124  0.19821909
  -0.05862013]
 [ 0.01377428  0.36374965 -0.15821038 ...,  0.01281841  0.44681099
  -0.29538441]]
tensor_name:  rnn/multi_rnn_cell/cell_1/basic_lstm_cell/biases
[-0.30271462 -0.1415592   0.30564055 ..., -0.26253501 -0.10050099
 -0.3102465 ]
tensor_name:  rnn/multi_rnn_cell/cell_2/basic_lstm_cell/weights/Adam
[[ -4.15742534e-07  -1.23822122e-06  -7.84273197e-08 ...,  -1.73077577e-11
    1.59700157e-05  -2.78530069e-06]
 [  5.42828253e-08   1.57632269e-06   7.26539939e-09 ...,   6.17471807e-09
   -3.61765378e-05   7.53557643e-08]
 [  1.00384045e-06   1.34050174e-06  -2.72996090e-07 ...,   1.91000781e-05
   -6.09807976e-05   1.87563128e-05]
 ...,
 [ -1.22831287e-10   2.00776062e-09   2.27944243e-11 ...,  -1.66726882e-10
   -5.02223600e-07  -3.19613364e-10]
 [ -4.64219996e-09  -4.98263155e-08  -4.16116785e-09 ...,   1.31438451e-08
    4.83522163e-05   1.66462444e-09]
 [  2.23566521e-09  -4.72410989e-07  -7.92164556e-08 ...,   4.92856067e-08
    3.49947442e-07  -3.16753187e-07]]
tensor_name:  W
[[-0.03975986  0.04809638  1.30229998 ..., -1.61584485 -1.15776074
  -0.98129904]
 [ 1.03304231 -2.1624105   1.91515791 ..., -1.27158296 -2.1072197
  -0.21447065]
 [-1.3563658  -0.95721012  0.46917069 ...,  2.27253747  0.70362246
   2.53602648]
 ...,
 [ 0.47201505 -1.059901   -1.07507026 ...,  2.25323153 -1.73337424
  -0.42442432]
 [-0.46328485 -0.77472812  0.80892491 ...,  1.44485879 -0.66660851
   1.89119673]
 [ 0.36468732  0.22058035  0.88948691 ...,  1.31005669 -1.14592111
  -1.04799342]]
tensor_name:  b_softmax/Adam
5.79664e-08
tensor_name:  Variable
[]
tensor_name:  W_softmax/Adam
[[  1.36269644e-08  -4.21743671e-08   1.00712789e-08 ...,  -7.91054831e-08
   -1.77568928e-08  -6.80167432e-07]
 [ -6.56336496e-08  -3.30520209e-07  -2.13716937e-08 ...,  -4.87046520e-07
    2.20721041e-08  -1.08218364e-06]
 [ -3.89936722e-10  -4.13819770e-08  -2.16292428e-09 ...,   1.61269675e-09
   -7.27513827e-10  -1.52792410e-07]
 ...,
 [ -6.12044859e-10  -4.49823512e-09  -3.96341946e-08 ...,  -7.44919992e-09
   -1.66676983e-08   2.75034890e-05]
 [ -2.78869402e-06  -1.38558607e-06   2.07027042e-05 ...,  -1.52698540e-05
   -1.45114982e-05  -1.30433415e-04]
 [  5.10964326e-10  -1.68996776e-05  -1.84411567e-06 ...,   1.62903109e-06
   -1.03708717e-05  -1.13652613e-05]]
tensor_name:  Variable_1/Adam
[]
tensor_name:  b_softmax/Adam_1
4.12273e-15
tensor_name:  rnn/multi_rnn_cell/cell_2/basic_lstm_cell/weights/Adam_1
[[  1.10667175e-09   4.88701204e-08   2.75639820e-07 ...,   9.04560160e-09
    1.59415521e-07   1.12269575e-07]
 [  1.45192312e-08   1.96646681e-08   1.93801554e-07 ...,   1.00050084e-08
    6.97378297e-08   2.35126976e-08]
 [  3.40908031e-08   2.70076548e-08   4.24947117e-08 ...,   7.90359536e-07
    2.74517993e-06   4.59597487e-07]
 ...,
 [  6.70062761e-09   5.45542322e-09   8.97198582e-09 ...,   3.83671939e-08
    4.80366850e-07   9.85940218e-09]
 [  1.28322402e-08   8.15121126e-09   5.89034288e-09 ...,   5.78001433e-08
    5.25814016e-07   3.36303891e-08]
 [  7.51473639e-09   3.04769032e-09   4.63650318e-09 ...,   9.62726521e-09